   4.51028033738e+08    4.61163495170e+08    5.06773071616e+04    9.25000000000e-01 
201 
8.614799e-06 
8.612861e-06 
8.610925e-06 
8.608989e-06 
8.607053e-06 
8.605118e-06 
8.603184e-06 
8.601251e-06 
8.599318e-06 
8.597386e-06 
8.595454e-06 
8.593523e-06 
8.591593e-06 
8.589664e-06 
8.587735e-06 
8.585806e-06 
8.583879e-06 
8.581952e-06 
8.580026e-06 
8.578100e-06 
8.576175e-06 
8.574250e-06 
8.572327e-06 
8.570404e-06 
8.568481e-06 
8.566559e-06 
8.564638e-06 
8.562718e-06 
8.560798e-06 
8.558879e-06 
8.556960e-06 
8.555042e-06 
8.553125e-06 
8.551208e-06 
8.549292e-06 
8.547377e-06 
8.545462e-06 
8.543548e-06 
8.541635e-06 
8.539722e-06 
8.537810e-06 
8.535898e-06 
8.533988e-06 
8.532077e-06 
8.530168e-06 
8.528259e-06 
8.526351e-06 
8.524443e-06 
8.522536e-06 
8.520630e-06 
8.518724e-06 
8.516819e-06 
8.514914e-06 
8.513010e-06 
8.511107e-06 
8.509205e-06 
8.507303e-06 
8.505402e-06 
8.503501e-06 
8.501601e-06 
8.499702e-06 
8.497803e-06 
8.495905e-06 
8.494007e-06 
8.492111e-06 
8.490215e-06 
8.488319e-06 
8.486424e-06 
8.484530e-06 
8.482636e-06 
8.480743e-06 
8.478851e-06 
8.476959e-06 
8.475068e-06 
8.473178e-06 
8.471288e-06 
8.469399e-06 
8.467510e-06 
8.465622e-06 
8.463735e-06 
8.461848e-06 
8.459962e-06 
8.458077e-06 
8.456192e-06 
8.454308e-06 
8.452424e-06 
8.450541e-06 
8.448659e-06 
8.446777e-06 
8.444896e-06 
8.443016e-06 
8.441136e-06 
8.439257e-06 
8.437379e-06 
8.435501e-06 
8.433623e-06 
8.431747e-06 
8.429871e-06 
8.427995e-06 
8.426121e-06 
8.424247e-06 
8.422373e-06 
8.420500e-06 
8.418628e-06 
8.416756e-06 
8.414885e-06 
8.413015e-06 
8.411145e-06 
8.409276e-06 
8.407408e-06 
8.405540e-06 
8.403673e-06 
8.401806e-06 
8.399940e-06 
8.398074e-06 
8.396210e-06 
8.394346e-06 
8.392482e-06 
8.390619e-06 
8.388757e-06 
8.386895e-06 
8.385034e-06 
8.383174e-06 
8.381314e-06 
8.379455e-06 
8.377596e-06 
8.375738e-06 
8.373881e-06 
8.372024e-06 
8.370168e-06 
8.368312e-06 
8.366458e-06 
8.364603e-06 
8.362750e-06 
8.360897e-06 
8.359044e-06 
8.357193e-06 
8.355341e-06 
8.353491e-06 
8.351641e-06 
8.349791e-06 
8.347943e-06 
8.346095e-06 
8.344247e-06 
8.342400e-06 
8.340554e-06 
8.338708e-06 
8.336863e-06 
8.335019e-06 
8.333175e-06 
8.331332e-06 
8.329489e-06 
8.327647e-06 
8.325806e-06 
8.323965e-06 
8.322125e-06 
8.320286e-06 
8.318447e-06 
8.316608e-06 
8.314771e-06 
8.312933e-06 
8.311097e-06 
8.309261e-06 
8.307426e-06 
8.305591e-06 
8.303757e-06 
8.301924e-06 
8.300091e-06 
8.298258e-06 
8.296427e-06 
8.294596e-06 
8.292765e-06 
8.290936e-06 
8.289106e-06 
8.287278e-06 
8.285450e-06 
8.283622e-06 
8.281796e-06 
8.279969e-06 
8.278144e-06 
8.276319e-06 
8.274494e-06 
8.272671e-06 
8.270847e-06 
8.269025e-06 
8.267203e-06 
8.265382e-06 
8.263561e-06 
8.261741e-06 
8.259921e-06 
8.258102e-06 
8.256284e-06 
8.254466e-06 
8.252649e-06 
8.250832e-06 
8.249016e-06 
8.247201e-06 
8.245386e-06 
8.243572e-06 
8.241758e-06 
8.239946e-06 
3.526839e-09 
3.525511e-09 
3.524183e-09 
3.522855e-09 
3.521528e-09 
3.520201e-09 
3.518875e-09 
3.517549e-09 
3.516223e-09 
3.514898e-09 
3.513573e-09 
3.512249e-09 
3.510925e-09 
3.509601e-09 
3.508278e-09 
3.506955e-09 
3.505633e-09 
3.504311e-09 
3.502989e-09 
3.501668e-09 
3.500347e-09 
3.499027e-09 
3.497707e-09 
3.496387e-09 
3.495068e-09 
3.493749e-09 
3.492431e-09 
3.491113e-09 
3.489795e-09 
3.488478e-09 
3.487161e-09 
3.485845e-09 
3.484529e-09 
3.483213e-09 
3.481898e-09 
3.480583e-09 
3.479269e-09 
3.477955e-09 
3.476641e-09 
3.475328e-09 
3.474015e-09 
3.472703e-09 
3.471391e-09 
3.470079e-09 
3.468768e-09 
3.467457e-09 
3.466147e-09 
3.464837e-09 
3.463527e-09 
3.462218e-09 
3.460909e-09 
3.459600e-09 
3.458292e-09 
3.456985e-09 
3.455677e-09 
3.454370e-09 
3.453064e-09 
3.451758e-09 
3.450452e-09 
3.449147e-09 
3.447842e-09 
3.446538e-09 
3.445233e-09 
3.443930e-09 
3.442626e-09 
3.441323e-09 
3.440021e-09 
3.438719e-09 
3.437417e-09 
3.436116e-09 
3.434815e-09 
3.433514e-09 
3.432214e-09 
3.430914e-09 
3.429615e-09 
3.428316e-09 
3.427017e-09 
3.425719e-09 
3.424421e-09 
3.423124e-09 
3.421827e-09 
3.420530e-09 
3.419234e-09 
3.417938e-09 
3.416642e-09 
3.415347e-09 
3.414052e-09 
3.412758e-09 
3.411464e-09 
3.410171e-09 
3.408877e-09 
3.407585e-09 
3.406292e-09 
3.405000e-09 
3.403709e-09 
3.402418e-09 
3.401127e-09 
3.399836e-09 
3.398546e-09 
3.397257e-09 
3.395967e-09 
3.394678e-09 
3.393390e-09 
3.392102e-09 
3.390814e-09 
3.389527e-09 
3.388240e-09 
3.386953e-09 
3.385667e-09 
3.384381e-09 
3.383096e-09 
3.381811e-09 
3.380526e-09 
3.379242e-09 
3.377958e-09 
3.376675e-09 
3.375392e-09 
3.374109e-09 
3.372827e-09 
3.371545e-09 
3.370263e-09 
3.368982e-09 
3.367701e-09 
3.366421e-09 
3.365141e-09 
3.363861e-09 
3.362582e-09 
3.361303e-09 
3.360025e-09 
3.358747e-09 
3.357469e-09 
3.356192e-09 
3.354915e-09 
3.353638e-09 
3.352362e-09 
3.351086e-09 
3.349811e-09 
3.348536e-09 
3.347261e-09 
3.345987e-09 
3.344713e-09 
3.343440e-09 
3.342166e-09 
3.340894e-09 
3.339621e-09 
3.338349e-09 
3.337078e-09 
3.335807e-09 
3.334536e-09 
3.333265e-09 
3.331995e-09 
3.330726e-09 
3.329456e-09 
3.328187e-09 
3.326919e-09 
3.325651e-09 
3.324383e-09 
3.323115e-09 
3.321848e-09 
3.320582e-09 
3.319316e-09 
3.318050e-09 
3.316784e-09 
3.315519e-09 
3.314254e-09 
3.312990e-09 
3.311726e-09 
3.310462e-09 
3.309199e-09 
3.307936e-09 
3.306674e-09 
3.305412e-09 
3.304150e-09 
3.302888e-09 
3.301627e-09 
3.300367e-09 
3.299107e-09 
3.297847e-09 
3.296587e-09 
3.295328e-09 
3.294070e-09 
3.292811e-09 
3.291553e-09 
3.290296e-09 
3.289038e-09 
3.287782e-09 
3.286525e-09 
3.285269e-09 
3.284013e-09 
3.282758e-09 
3.281503e-09 
3.280248e-09 
3.278994e-09 
3.277740e-09 
3.276487e-09 
3.275234e-09 
3.273981e-09 
3.272729e-09 
3.271477e-09 
3.270225e-09 
3.268974e-09 
